Linha  Coluna    Cota AGrossa  Silte Argila  pHAgua  pHKCl   Ca    Mg     K      Al     H      C      N       CTC     S     V       M     NC      CEC   CN
  1.00	 1.00  578.295	 9.00  26.00  43.00   5.80   4.90   3.60   0.80   0.50	 0.00	3.10   1.20   0.12   8.00   4.90  61.250   0.00   1.050   4.90	10
  1.00	 2.00  578.460	 9.00  26.00  42.00   5.90   4.90   3.40   0.80   0.44	 0.00	3.20   1.10   0.12   7.84   4.64  59.184   0.00   1.272   4.64	 9
  1.00	 3.00  578.491	 9.00  25.00  41.00   5.90   4.90   3.70   0.90   0.59	 0.00	2.50   1.20   0.13   7.69   5.19  67.490   0.00   0.289   5.19	 9
  1.00	 4.00  578.699	11.00  28.00  40.00   5.80   4.90   3.70   0.80   0.52	 0.00	3.50   1.30   0.12   8.52   5.02  58.920   0.00   1.416   5.02	10
  1.00	 5.00  578.749	 9.00  27.00  41.00   5.80   5.00   4.20   0.90   0.56	 0.00	3.40   1.40   0.13   9.06   5.66  62.472   0.00   1.023   5.66	10
  1.00	 6.00  578.726	 8.00  27.00  43.00   6.10   5.10   4.10   0.90   0.56	 0.00	3.10   1.20   0.13   8.66   5.56  64.203   0.00   0.753   5.56	 9
  1.00	 7.00  578.785	 8.00  28.00  43.00   6.10   5.00   3.90   0.90   0.60	 0.00	3.30   1.30   0.12   8.70   5.40  62.069   0.00   1.035   5.40	10
  1.00	 8.00  578.831	 8.00  24.00  46.00   5.90   4.90   3.80   0.90   0.55	 0.00	2.60   1.20   0.12   7.85   5.25  66.879   0.00   0.367   5.25	10
  1.00	 9.00  578.918	 8.00  25.00  45.00   5.90   5.00   3.90   0.90   0.53	 0.00	2.90   1.30   0.12   8.23   5.33  64.763   0.00   0.646   5.33	10
  1.00	10.00  579.065	 9.00  25.00  43.00   5.90   5.00   4.20   0.90   0.51	 0.00	3.20   1.40   0.12   8.81   5.61  63.678   0.00   0.836   5.61	11
  1.00	11.00  579.066	 8.00  27.00  43.00   6.10   5.00   4.20   0.80   0.52	 0.00	2.90   1.30   0.12   8.42   5.52  65.558   0.00   0.561   5.52	10
  1.00	12.00  579.140	 8.00  24.00  46.00   6.10   5.00   4.10   0.90   0.56	 0.00	3.00   1.30   0.12   8.56   5.56  64.953   0.00   0.648   5.56	10
  1.00	13.00  579.130	 8.00  24.00  46.00   6.00   5.10   3.90   0.90   0.57	 0.00	2.50   1.20   0.12   7.87   5.37  68.234   0.00   0.209   5.37	10
  1.00	14.00  579.210	 8.00  25.00  45.00   5.90   5.00   3.80   0.90   0.52	 0.00	3.00   1.10   0.12   8.22   5.22  63.504   0.00   0.801   5.22	 9
  1.00	15.00  579.230	 9.00  26.00  43.00   5.90   4.90   3.50   0.90   0.42	 0.00	3.60   1.10   0.12   8.42   4.82  57.245   0.00   1.611   4.82	 9
  1.00	16.00  579.272	 8.00  25.00  45.00   5.70   4.90   3.50   0.80   0.48	 0.00	3.70   1.20   0.12   8.48   4.78  56.368   0.00   1.734   4.78	10
  1.00	17.00  579.298	 9.00  24.00  44.00   5.80   4.90   3.40   0.80   0.48	 0.00	3.70   1.00   0.12   8.38   4.68  55.847   0.00   1.779   4.68	 8
  1.00	18.00  579.341	 8.00  25.00  44.00   5.70   4.90   3.60   0.90   0.50	 0.00	3.70   1.20   0.12   8.70   5.00  57.471   0.00   1.635   5.00	10
  1.00	19.00  579.410	 9.00  24.00  44.00   5.90   5.00   3.30   0.80   0.49	 0.00	3.70   1.20   0.12   8.29   4.59  55.368   0.00   1.819   4.59	10
  1.00	20.00  579.465	 8.00  26.00  44.00   5.80   4.80   3.30   0.90   0.65	 0.00	3.80   1.20   0.12   8.65   4.85  56.069   0.00   1.807   4.85	10
  1.00	21.00  579.545	10.00  24.00  45.00   5.70   4.70   2.90   0.80   0.42	 0.00	3.90   1.00   0.12   8.02   4.12  51.372   0.00   2.241   4.12	 8
  1.00	22.00  579.595	 8.00  26.00  44.00   5.70   4.80   2.90   0.90   0.51	 0.00	3.80   1.10   0.12   8.11   4.31  53.144   0.00   2.051   4.31	91
  1.00	23.00  579.636	10.00  23.00  46.00   5.70   4.80   3.40   0.90   0.58	 0.10	3.50   1.20   0.12   8.48   4.88  57.547   2.01   1.584   4.98	10
  1.00	24.00  579.709	 9.00  22.00  44.00   5.80   4.90   3.30   0.90   0.47	 0.00	3.40   1.10   0.12   8.07   4.67  57.869   0.00   1.469   4.67	 9
  1.00	25.00  579.765	 9.00  25.00  43.00   5.70   4.80   3.30   0.90   0.46	 0.00	3.60   1.10   0.12   8.26   4.66  56.416   0.00   1.683   4.66	 9
  2.00	 1.00  578.610	10.00  23.00  44.00   5.70   4.80   3.30   0.80   0.42	 0.00	3.50   1.10   0.13   8.02   4.52  56.359   0.00   1.641   4.52	 8
  2.00	 2.00  578.669	 9.00  27.00  42.00   5.90   4.80   3.30   0.80   0.62	 0.00	3.60   1.10   0.13   8.32   4.72  56.731   0.00   1.656   4.72	 8
  2.00	 3.00  578.770	11.00  27.00  41.00   5.80   4.90   3.30   0.90   0.58	 0.00	3.40   1.20   0.13   8.18   4.78  58.435   0.00   1.419   4.78	 9
  2.00	 4.00  578.910	 9.00  25.00  43.00   5.80   4.90   3.30   0.80   0.58	 0.00	3.10   1.10   0.12   7.78   4.68  60.154   0.00   1.149   4.68	 9
  2.00	 5.00  579.020	 8.00  26.00  43.00   5.90   5.00   3.60   0.80   0.47	 0.00	3.00   1.10   0.13   7.87   4.87  61.881   0.00   0.958   4.87	 8
  2.00	 6.00  579.050	 8.00  25.00  44.00   5.90   5.00   3.80   0.90   0.56	 0.00	3.20   1.20   0.12   8.46   5.26  62.175   0.00   0.993   5.26	10
  2.00	 7.00  579.105	 8.00  26.00  42.00   6.00   5.00   3.90   1.00   0.58	 0.00	3.50   1.20   0.12   8.98   5.48  61.024   0.00   1.209   5.48	10
  2.00	 8.00  579.125	 8.00  24.00  46.00   5.70   4.90   3.70   0.90   0.54	 0.00	3.10   1.20   0.13   8.24   5.14  62.379   0.00   0.942   5.14	 9
  2.00	 9.00  579.209	 8.00  25.00  43.00   5.90   4.90   3.80   0.80   0.55	 0.00	3.30   1.10   0.12   8.45   5.15  60.947   0.00   1.147   5.15	 9
  2.00	10.00  579.333	 8.00  26.00  43.00   6.00   5.00   3.90   0.80   0.51	 0.00	3.50   1.10   0.12   8.71   5.21  59.816   0.00   1.331   5.21	 9
  2.00	11.00  579.385	 8.00  26.00  44.00   6.10   5.10   3.80   0.80   0.56	 0.00	3.20   1.00   0.12   8.36   5.16  61.722   0.00   1.038   5.16	 8
  2.00	12.00  579.409	 8.00  26.00  44.00   6.10   5.10   4.20   0.90   0.60	 0.00	2.70   1.10   0.11   8.40   5.70  67.857   0.00   0.270   5.70	10
  2.00	13.00  579.483	 7.00  24.00  46.00   6.20   5.20   4.30   0.90   0.55	 0.00	3.30   1.10   0.13   9.05   5.75  63.536   0.00   0.878   5.75	 8
  2.00	14.00  579.497	 6.00  27.00  45.00   6.10   5.20   4.30   0.90   0.47	 0.00	3.60   1.00   0.13   9.27   5.67  61.165   0.00   1.228   5.67	 7
  2.00	15.00  579.529	 8.00  26.00  45.00   6.10   5.10   3.90   0.90   0.49	 0.00	2.90   1.10   0.13   8.19   5.29  64.591   0.00   0.665   5.29	 8
  2.00	16.00  579.518	 7.00  24.00  49.00   6.00   5.00   3.40   0.80   0.44	 0.00	3.10   0.90   0.11   7.74   4.64  59.948   0.00   1.167   4.64	 8
  2.00	17.00  579.525	 8.00  25.00  46.00   5.90   4.90   3.30   0.80   0.40	 0.00	3.50   1.00   0.11   8.00   4.50  56.250   0.00   1.650   4.50	 9
  2.00	18.00  579.617	 8.00  24.00  47.00   5.90   4.90   3.10   0.80   0.45	 0.00	3.70   1.00   0.12   8.05   4.35  54.037   0.00   1.927   4.35	 8
  2.00	19.00  579.672	 6.00  28.00  45.00   5.80   4.80   3.20   0.90   0.45	 0.00	3.50   1.00   0.11   8.05   4.55  56.522   0.00   1.628   4.55	 9
  2.00	20.00  579.735	 8.00  24.00  46.00   5.70   4.70   3.00   0.80   0.39	 0.00	3.90   1.10   0.11   8.09   4.19  51.792   0.00   2.210   4.19	10
  2.00	21.00  579.775	 8.00  25.00  45.00   5.70   4.70   3.10   0.80   0.39	 0.00	3.40   1.20   0.11   7.69   4.29  55.787   0.00   1.639   4.29	10
  2.00	22.00  579.839	 9.00  24.00  44.00   5.60   4.80   3.00   0.80   0.43	 0.00	3.10   1.10   0.12   7.33   4.23  57.708   0.00   1.352   4.23	 9
  2.00	23.00  579.850	 9.00  25.00  43.00   5.70   4.90   3.30   0.90   0.48	 0.00	3.50   1.20   0.12   8.18   4.68  57.213   0.00   1.569   4.68	10
  2.00	24.00  579.890	 9.00  25.00  43.00   5.70   4.90   3.50   1.00   0.51	 0.00	3.50   1.30   0.11   8.51   5.01  58.872   0.00   1.420   5.01	11
  2.00	25.00  579.910	 9.00  25.00  44.00   5.70   4.90   3.30   1.00   0.45	 0.00	3.40   1.20   0.13   8.15   4.75  58.282   0.00   1.433   4.75	 9
  3.00	 1.00  578.929	 9.00  25.00  43.00   5.70   4.90   2.80   0.70   0.34	 0.00	2.50   1.00   0.11   6.34   3.84  60.568   0.00   0.897   3.84	 9
  3.00   2.00  578.965	 7.00  25.00  46.00   5.70   4.90   3.10   0.80   0.35	 0.00	2.00   1.10   0.11   6.25   4.25  68.000   0.00   0.187   4.25	10
  3.00	 3.00  579.080	 8.00  25.00  43.00   5.70   4.90   3.10   0.80   0.40	 0.00	2.60   1.10   0.11   6.90   4.30  62.319   0.00   0.795   4.30	10
  3.00	 4.00  579.204	 7.00  26.00  45.00   5.80   4.90   3.20   0.80   0.41	 0.00	1.30   1.10   0.11   5.71   4.41  77.233   0.00  -0.620   4.41	10
  3.00	 5.00  579.238	 8.00  27.00  44.00   5.90   5.00   3.40   0.80   0.38	 0.00	2.60   1.00   0.11   7.18   4.58  63.788   0.00   0.669   4.58	 9
  3.00	 6.00  579.281	 8.00  26.00  46.00   5.90   5.10   3.70   0.90   0.48	 0.00	2.60   1.10   0.11   7.68   5.08  66.146   0.00   0.444   5.08	10
  3.00	 7.00  579.279	 9.00  25.00  44.00   6.00   5.00   3.70   0.90   0.54	 0.00	2.40   1.20   0.11   7.54   5.14  68.170   0.00   0.207   5.14	10
  3.00	 8.00  579.334	 9.00  24.00  46.00   5.80   5.00   3.70   1.00   0.53	 0.00	1.90   1.20   0.11   7.13   5.23  73.352   0.00  -0.358   5.23	10
  3.00	 9.00  579.460	 8.00  25.00  46.00   5.70   4.90   3.40   0.90   0.47	 0.00	2.20   1.10   0.11   6.97   4.77  68.436   0.00   0.163   4.77	10
  3.00	10.00  579.640	 8.00  25.00  46.00   5.90   5.00   3.60   0.90   0.74	 0.00	1.90   1.20   0.11   7.14   5.24  73.389   0.00  -0.363   5.24	10
  3.00	11.00  579.635	 8.00  27.00  44.00   5.90   5.10   3.60   0.90   0.56	 0.00	2.20   1.20   0.11   7.26   5.06  69.697   0.00   0.033   5.06	10
  3.00	12.00  579.701	 9.00  26.00  44.00   6.00   5.10   3.80   0.90   0.54	 0.00	2.30   1.20   0.11   7.54   5.24  69.496   0.00   0.057   5.24	10
  3.00	13.00  579.704	 9.00  23.00  46.00   6.40   5.40   3.80   1.00   1.05	 0.00	2.40   1.10   0.11   8.25   5.85  70.909   0.00  -0.112   5.85	10
  3.00	14.00  579.724	 9.00  24.00  45.00   5.90   5.10   4.00   0.90   0.51	 0.00	3.00   1.10   0.11   8.41   5.41  64.328   0.00   0.716   5.41	10
  3.00	15.00  579.751	 8.00  25.00  46.00   6.10   5.10   3.80   0.80   0.38	 0.00	2.60   1.20   0.11   7.58   4.98  65.699   0.00   0.489   4.98	10
  3.00	16.00  579.792	 8.00  26.00  45.00   6.20   5.10   4.10   0.90   0.38	 0.00	3.30   1.10   0.11   8.68   5.38  61.982   0.00   1.044   5.38	10
  3.00	17.00  579.749	 8.00  24.00  47.00   5.90   5.00   3.40   0.90   0.40	 0.00	3.40   1.10   0.11   8.10   4.70  58.025   0.00   1.455   4.70	10
  3.00	18.00  579.812	 8.00  24.00  46.00   5.90   5.00   3.20   0.80   0.47	 0.00	3.00   1.10   0.11   7.47   4.47  59.839   0.00   1.138   4.47	10
  3.00	19.00  579.865	 7.00  24.00  48.00   5.90   4.90   2.80   0.80   0.42	 0.00	1.90   1.10   0.12   5.92   4.02  67.905   0.00   0.186   4.02	 9
  3.00	20.00  579.898	 9.00  25.00  45.00   5.80   4.80   2.90   0.80   0.39	 0.00	3.50   1.10   0.11   7.59   4.09  53.887   0.00   1.834   4.09	10
  3.00	21.00  579.931	 8.00  25.00  46.00   5.80   4.90   2.80   0.80   0.37	 0.00	3.20   1.10   0.11   7.17   3.97  55.370   0.00   1.574   3.97	10
  3.00	22.00  580.008	 8.00  26.00  44.00   5.90   4.90   3.10   0.90   0.34	 0.00	3.80   1.10   0.11   8.14   4.34  53.317   0.00   2.037   4.34	10
  3.00	23.00  580.017	 9.00  24.00  44.00   5.90   4.90   3.10   0.90   0.39	 0.00	3.20   1.10   0.11   7.59   4.39  57.839   0.00   1.385   4.39	10
  3.00	24.00  580.030	 9.00  25.00  44.00   5.90   4.90   3.10   0.90   0.43	 0.00	2.60   1.10   0.12   7.03   4.43  63.016   0.00   0.736   4.43	 9
  3.00	25.00  579.995	10.00  23.00  46.00   5.80   4.90   3.00   0.90   0.44	 0.00	3.20   1.10   0.11   7.54   4.34  57.560   0.00   1.407   4.34	10
  4.00	 1.00  579.211	 8.00  26.00  44.00   5.70   4.90   3.00   0.80   0.30	 0.00	3.00   1.00   0.11   7.10   4.10  57.746   0.00   1.305   4.10	 9
  4.00	 2.00  579.281	 8.00  27.00  43.00   5.90   5.00   3.10   0.80   0.38	 0.00	2.90   1.10   0.11   7.18   4.28  59.610   0.00   1.119   4.28	10
  4.00	 3.00  579.315	 9.00  27.00  42.00   5.90   5.10   3.30   0.80   0.50	 0.00	2.50   1.20   0.12   7.10   4.60  64.789   0.00   0.555   4.60	10
  4.00	 4.00  579.399	 9.00  26.00  43.00   6.00   5.10   3.40   0.80   0.47	 0.00	3.10   1.10   0.11   7.77   4.67  60.103   0.00   1.153   4.67	10
  4.00	 5.00  579.491	 8.00  25.00  46.00   6.00   5.20   3.30   0.80   0.47	 0.00	3.10   1.00   0.11   7.67   4.57  59.583   0.00   1.199   4.57	 9
  4.00	 6.00  579.546	 8.00  25.00  47.00   6.20   5.30   3.70   0.90   0.48	 0.00	2.40   1.10   0.11   7.48   5.08  67.914   0.00   0.234   5.08	10
  4.00	 7.00  579.550	 9.00  24.00  45.00   6.20   5.30   4.00   0.90   0.50	 0.00	3.00   1.10   0.12   8.40   5.40  64.286   0.00   0.720   5.40	 9
  4.00	 8.00  579.603	 9.00  25.00  43.00   5.70   5.20   3.80   0.90   0.58	 0.00	3.00   1.20   0.12   8.28   5.28  63.768   0.00   0.774   5.28	10
  4.00	 9.00  579.743	 8.00  24.00  48.00   6.10   5.10   3.50   0.90   0.47	 0.00	3.10   1.10   0.11   7.97   4.87  61.104   0.00   1.064   4.87	10
  4.00	10.00  579.775	 8.00  25.00  46.00   6.10   5.10   3.60   0.90   0.56	 0.00	3.50   1.20   0.12   8.56   5.06  59.112   0.00   1.398   5.06	10
  4.00	11.00  579.815	 8.00  25.00  47.00   5.90   5.00   3.50   0.90   0.50	 0.00	3.50   1.10   0.11   8.40   4.90  58.333   0.00   1.470   4.90	10
  4.00	12.00  579.826	 9.00  25.00  44.00   6.00   5.10   3.50   0.90   0.51	 0.00	2.80   1.10   0.11   7.71   4.91  63.684   0.00   0.730   4.91	10
  4.00	13.00  579.912	 9.00  25.00  44.00   6.10   5.20   3.60   0.90   0.54	 0.00	3.10   1.10   0.12   8.14   5.04  61.916   0.00   0.987   5.04	 9
  4.00	14.00  579.880	 8.00  26.00  47.00   6.10   5.10   3.70   0.80   0.56	 0.00	2.70   1.20   0.12   7.76   5.06  65.206   0.00   0.558   5.06	10
  4.00	15.00  579.940	 9.00  25.00  43.00   6.10   5.30   3.70   0.90   0.52	 0.00	3.40   1.00   0.12   8.52   5.12  60.094   0.00   1.266   5.12	 8
  4.00	16.00  579.870	 8.00  26.00  46.00   6.00   5.10   3.70   0.80   0.42	 0.00	3.40   1.10   0.12   8.32   4.92  59.135   0.00   1.356   4.92	 9
  4.00	17.00  579.875	 8.00  27.00  42.00   5.90   5.00   3.70   0.80   0.44	 0.00	3.00   1.20   0.12   7.94   4.94  62.217   0.00   0.927   4.94	10
  4.00	18.00  579.947	 8.00  26.00  43.00   5.80   5.00   3.60   0.80   0.60	 0.00	2.90   1.20   0.12   7.90   5.00  63.291   0.00   0.795   5.00	10
  4.00	19.00  580.007	 8.00  27.00  42.00   5.90   4.90   3.60   0.90   0.53	 0.00	3.30   1.30   0.11   8.33   5.03  60.384   0.00   1.201   5.03	11
  4.00	20.00  580.040	 9.00  25.00  43.00   5.90   4.90   3.10   0.80   0.46	 0.00	2.80   1.00   0.12   7.16   4.36  60.894   0.00   0.978   4.36	 8
  4.00	21.00  580.053	10.00  25.00  42.00   5.90   4.80   3.30   0.90   0.53	 0.00	3.00   1.20   0.12   7.73   4.73  61.190   0.00   1.021   4.73	10
  4.00	22.00  580.059	10.00  24.00  43.00   5.80   4.90   2.80   0.80   0.45	 0.00	2.90   1.20   0.12   6.95   4.05  58.273   0.00   1.222   4.05	10
  4.00	23.00  580.056	 9.00  26.00  42.00   5.80   4.80   3.00   0.80   0.45	 0.00	2.90   1.20   0.12   7.15   4.25  59.441   0.00   1.133   4.25	10
  4.00	24.00  580.050	10.00  24.00  44.00   5.90   5.00   3.10   0.80   0.46	 0.00	2.80   1.20   0.13   7.16   4.36  60.894   0.00   0.978   4.36	 9
  4.00	25.00  580.096	 9.00  25.00  43.00   5.90   5.00   3.20   0.90   0.47	 0.00	2.60   1.20   0.12   7.17   4.57  63.738   0.00   0.673   4.57	10
  5.00	 1.00  579.495	 9.00  25.00  42.00   5.90   5.00   3.10   0.70   0.39	 0.00	2.40   1.10   0.12   6.59   4.19  63.581   0.00   0.635   4.19	 9
  5.00	 2.00  579.545	 9.00  25.00  43.00   5.80   4.90   3.30   0.80   0.43	 0.00	2.50   1.20   0.12   7.03   4.53  64.438   0.00   0.587   4.53	10
  5.00	 3.00  579.511	 8.00  27.00  43.00   5.90   5.00   3.20   0.70   0.38	 0.00	2.40   1.10   0.12   6.68   4.28  64.072   0.00   0.594   4.28	 9
  5.00	 4.00  579.616	 9.00  28.00  40.00   5.90   5.00   3.20   0.80   0.61	 0.00	2.50   1.10   0.12   7.11   4.61  64.838   0.00   0.550   4.61	 9
  5.00	 5.00  579.709	10.00  28.00  39.00   5.90   5.00   3.30   0.80   0.62	 0.00	2.50   1.30   0.12   7.22   4.72  65.374   0.00   0.501   4.72	10
  5.00	 6.00  579.775	 9.00  28.00  39.00   6.00   5.20   3.50   0.80   0.41	 0.00	2.30   1.20   0.12   7.01   4.71  67.190   0.00   0.296   4.71	10
  5.00	 7.00  579.837	 8.00  30.00  40.00   6.20   5.40   4.30   0.80   0.62	 0.00	2.20   1.00   0.13   7.92   5.72  72.222   0.00  -0.264   5.72	 7
  5.00	 8.00  579.857	 8.00  26.00  43.00   6.10   5.30   4.30   0.90   0.59	 0.00	2.30   1.20   0.13   8.09   5.79  71.570   0.00  -0.190   5.79	 9
  5.00	 9.00  579.954	 9.00  25.00  44.00   6.10   5.20   4.00   0.90   0.53	 0.00	2.40   1.20   0.12   7.83   5.43  69.349   0.00   0.076   5.43	10
  5.00	10.00  580.025	 9.00  28.00  41.00   5.90   5.00   3.60   0.80   0.59	 0.00	2.60   0.80   0.12   7.59   4.99  65.744   0.00   0.485   4.99	 6
  5.00	11.00  580.048	 9.00  26.00  42.00   5.90   5.00   3.70   0.80   0.55	 0.00	2.60   1.30   0.13   7.65   5.05  66.013   0.00   0.458   5.05	10
  5.00	12.00  580.061	 8.00  26.00  43.00   5.90   5.00   3.40   0.80   0.49	 0.00	2.50   1.20   0.12   7.19   4.69  65.229   0.00   0.515   4.69	10
  5.00	13.00  580.062	10.00  25.00  42.00   6.00   5.00   3.40   0.90   0.54	 0.00	2.60   1.00   0.12   7.44   4.84  65.054   0.00   0.552   4.84	 8
  5.00	14.00  580.093	10.00  24.00  41.00   6.10   5.10   3.80   0.90   0.60	 0.00	2.40   1.20   0.12   7.70   5.30  68.831   0.00   0.135   5.30	10
  5.00	15.00  580.105	 9.00  26.00  40.00   6.20   5.10   3.70   0.90   0.67	 0.00	2.00   1.30   0.13   7.27   5.27  72.490   0.00  -0.271   5.27	10
  5.00	16.00  580.114	 9.00  26.00  40.00   6.10   5.00   3.80   0.90   0.65	 0.00	2.20   1.40   0.13   7.55   5.35  70.861   0.00  -0.097   5.35	10
  5.00	17.00  580.111	 9.00  28.00  39.00   6.00   5.10   4.00   0.80   0.61	 0.00	2.30   1.40   0.13   7.71   5.41  70.169   0.00  -0.020   5.41	10
  5.00	18.00  580.155	 9.00  29.00  38.00   5.90   5.00   4.00   0.80   0.64	 0.00	2.40   1.20   0.13   7.84   5.44  69.388   0.00   0.072   5.44	 9
  5.00	19.00  580.177	 9.00  29.00  37.00   6.10   5.00   3.70   0.80   0.61	 0.00	2.40   1.30   0.13   7.51   5.11  68.043   0.00   0.220   5.11	10
  5.00	20.00  580.200	 9.00  30.00  37.00   6.00   5.00   3.50   0.90   0.63	 0.00	2.40   1.30   0.13   7.43   5.03  67.699   0.00   0.256   5.03	10
  5.00	21.00  580.200	 9.00  27.00  40.00   5.90   4.80   3.00   0.80   0.52	 0.00	2.60   1.40   0.13   6.92   4.32  62.428   0.00   0.786   4.32	10
  5.00	22.00  580.180	 9.00  27.00  39.00   5.90   4.80   3.10   0.90   0.49	 0.00	2.60   1.40   0.13   7.09   4.49  63.329   0.00   0.709   4.49	10
  5.00	23.00  580.219	 9.00  22.00  45.00   5.70   4.80   3.40   0.90   0.55	 0.00	2.60   1.30   0.12   7.45   4.85  65.101   0.00   0.548   4.85	10
  5.00	24.00  580.230	10.00  26.00  39.00   5.80   4.90   3.60   0.90   0.63	 0.00	2.40   1.50   0.13   7.53   5.13  68.127   0.00   0.211   5.13	11
  5.00	25.00  580.230	10.00  27.00  40.00   5.60   5.00   3.70   0.80   0.59	 0.00	2.40   1.30   0.13   7.49   5.09  67.957   0.00   0.230   5.09	10
  6.00	 1.00  579.733	 8.00  27.00  42.00   5.80   5.10   3.00   0.70   0.44	 0.00	1.90   1.10   0.12   6.04   4.14  68.543   0.00   0.132   4.14	 9
  6.00	 2.00  579.788	 8.00  27.00  44.00   5.80   5.00   2.90   0.70   0.43	 0.00	2.00   1.10   0.12   6.03   4.03  66.833   0.00   0.287   4.03	 9
  6.00	 3.00  579.750	 8.00  26.00  45.00   5.70   5.10   2.70   0.70   0.38	 0.00	2.10   1.00   0.11   5.88   3.78  64.286   0.00   0.504   3.78	 9
  6.00	 4.00  579.890	 8.00  27.00  44.00   5.70   5.00   2.80   0.80   0.48	 0.00	2.10   1.20   0.12   6.18   4.08  66.019   0.00   0.369   4.08	10
  6.00	 5.00  579.954	 9.00  26.00  43.00   5.60   4.80   2.70   0.70   0.41	 0.00	2.40   1.20   0.12   6.21   3.81  61.353   0.00   0.806   3.81	10
  6.00	 6.00  579.980	 9.00  27.00  42.00   5.70   5.00   3.00   0.80   0.33	 0.00	2.10   1.20   0.12   6.23   4.13  66.292   0.00   0.347   4.13	10
  6.00	 7.00  580.018	 9.00  27.00  41.00   6.00   5.00   3.40   0.90   0.56	 0.00	2.00   1.20   0.12   6.86   4.86  70.845   0.00  -0.087   4.86	10
  6.00	 8.00  580.041	 8.00  27.00  43.00   5.80   4.90   3.30   0.80   0.47	 0.00	2.30   1.30   0.13   6.87   4.57  66.521   0.00   0.359   4.57	10
  6.00	 9.00  580.053	 9.00  27.00  42.00   5.60   4.80   3.20   0.80   0.51	 0.00	2.50   1.30   0.13   7.01   4.51  64.337   0.00   0.595   4.51	10
  6.00	10.00  580.098	 9.00  27.00  42.00   5.60   4.90   3.40   0.90   0.46	 0.00	2.30   1.20   0.13   7.06   4.76  67.422   0.00   0.273   4.76	 9
  6.00	11.00  580.123	 8.00  28.00  42.00   5.60   4.90   3.10   0.80   0.44	 0.10	2.20   1.30   0.11   6.64   4.34  65.361   2.25   0.462   4.44	11
  6.00	12.00  580.152	 9.00  28.00  41.00   5.70   4.80   3.10   0.80   0.43	 0.00	2.40   1.30   0.13   6.73   4.33  64.339   0.00   0.572   4.33	10
  6.00	13.00  580.148	 9.00  30.00  39.00   5.60   4.70   2.90   0.70   0.42	 0.10	2.80   1.40   0.13   6.92   4.02  58.092   2.42   1.236   4.12	10
  6.00	14.00  580.187	10.00  25.00  42.00   5.70   4.90   3.60   0.80   0.49	 0.00	2.20   1.20   0.13   7.09   4.89  68.970   0.00   0.109   4.89	 9
  6.00	15.00  580.200	 9.00  30.00  38.00   5.70   4.90   3.30   0.70   0.55	 0.10	2.30   1.40   0.13   6.95   4.55  65.468   2.15   0.472   4.65	10
  6.00	16.00  580.172	10.00  28.00  39.00   5.80   5.00   3.30   0.70   0.58	 0.10	2.20   1.30   0.13   6.88   4.58  66.570   2.13   0.354   4.68	10
  6.00	17.00  580.189	10.00  25.00  42.00   5.80   5.10   3.30   0.70   0.55	 0.10	2.10   1.20   0.13   6.75   4.55  67.407   2.15   0.263   4.65	 9
  6.00	18.00  580.168	 9.00  29.00  38.00   5.80   5.00   3.60   0.80   0.56	 0.00	2.20   1.30   0.13   7.16   4.96  69.274   0.00   0.078   4.96	10
  6.00	19.00  580.220	 9.00  28.00  38.00   5.80   5.00   3.70   0.80   0.64	 0.00	2.20   1.30   0.13   7.34   5.14  70.027   0.00  -0.003   5.14	10
  6.00	20.00  580.200	10.00  26.00  40.00   5.80   5.00   3.50   0.70   0.59	 0.00	2.10   1.20   0.13   6.89   4.79  69.521   0.00   0.050   4.79	 9
  6.00	21.00  580.205	10.00  26.00  40.00   5.80   4.90   3.20   0.70   0.53	 0.00	2.20   1.30   0.12   6.63   4.43  66.817   0.00   0.316   4.43	10
  6.00	22.00  580.188	 9.00  26.00  42.00   5.70   5.00   3.20   0.80   0.53	 0.00	2.20   1.20   0.13   6.73   4.53  67.311   0.00   0.271   4.53	 9
  6.00	23.00  580.199	 9.00  26.00  41.00   5.60   4.90   3.10   0.80   0.53	 0.00	2.20   1.20   0.13   6.63   4.43  66.817   0.00   0.316   4.43	 9
  6.00	24.00  580.218	10.00  27.00  38.00   5.70   4.90   3.00   0.80   0.60	 0.00	2.30   1.30   0.14   6.70   4.40  65.672   0.00   0.435   4.40	 9
  6.00	25.00  580.220	11.00  28.00  37.00   5.60   4.80   3.00   0.70   0.53	 0.00	2.50   1.30   0.14   6.73   4.23  62.853   0.00   0.721   4.23	 9
  7.00	 1.00  579.939	 7.00  25.00  49.00   5.60   5.00   2.70   0.70   0.38	 0.00	1.50   0.90   0.11   5.28   3.78  71.591   0.00  -0.126   3.78	 8
  7.00	 2.00  579.969	 8.00  24.00  48.00   5.50   4.80   2.50   0.70   0.26	 0.10	1.60   1.00   0.11   5.16   3.46  67.054   2.81   0.228   3.56	 9
  7.00	 3.00  579.986	 8.00  25.00  47.00   5.40   4.80   2.70   0.70   0.16	 0.10	1.80   1.00   0.11   5.46   3.56  65.201   2.73   0.393   3.66	 9
  7.00	 4.00  580.070	 8.00  24.00  48.00   5.40   4.70   2.40   0.60   0.18	 0.10	2.00   1.10   0.11   5.28   3.18  60.227   3.05   0.774   3.28	10
  7.00	 5.00  580.160	 9.00  23.00  46.00   5.40   4.70   2.60   0.70   0.20	 0.10	2.30   1.20   0.12   5.90   3.50  59.322   2.78   0.945   3.60	10
  7.00	 6.00  580.210	 9.00  24.00  45.00   5.50   4.80   2.70   0.70   0.19	 0.10	2.20   1.20   0.12   5.89   3.59  60.951   2.71   0.799   3.69	10
  7.00	 7.00  580.213	 8.00  25.00  46.00   5.60   4.90   3.00   0.80   0.35	 0.00	2.10   1.20   0.12   6.25   4.15  66.400   0.00   0.338   4.15	10
  7.00	 8.00  580.198	 8.00  27.00  44.00   5.50   4.80   3.10   0.70   0.32	 0.00	2.40   1.10   0.13   6.52   4.12  63.190   0.00   0.666   4.12	 8
  7.00	 9.00  580.188	 8.00  25.00  45.00   5.70   4.80   3.00   0.80   0.40	 0.00	2.30   1.30   0.13   6.50   4.20  64.615   0.00   0.525   4.20	10
  7.00	10.00  580.172	 9.00  28.00  40.00   5.50   4.70   2.80   0.60   0.34	 0.10	2.60   1.30   0.13   6.44   3.74  58.075   2.60   1.152   3.84	10
  7.00	11.00  580.147	 9.00  26.00  43.00   5.40   4.70   2.90   0.70   0.39	 0.10	2.60   1.20   0.12   6.69   3.99  59.641   2.45   1.039   4.09	10
  7.00	12.00  580.165	 9.00  27.00  41.00   5.40   4.70   2.90   0.60   0.31	 0.10	2.60   1.30   0.13   6.51   3.81  58.525   2.56   1.120   3.91	10
  7.00	13.00  580.177	 9.00  28.00  39.00   5.50   4.70   2.80   0.70   0.37	 0.10	2.60   1.20   0.12   6.57   3.87  58.904   2.52   1.094   3.97	10
  7.00	14.00  580.218	10.00  26.00  41.00   5.60   4.80   3.00   0.70   0.43	 0.00	2.40   1.10   0.12   6.53   4.13  63.247   0.00   0.661   4.13	 9
  7.00	15.00  580.199	10.00  25.00  42.00   5.80   4.90   3.40   0.70   0.50	 0.00	2.30   1.20   0.12   6.90   4.60  66.667   0.00   0.345   4.60	10
  7.00	16.00  580.196	 9.00  30.00  38.00   5.80   5.00   3.10   0.70   0.52	 0.00	2.20   1.10   0.14   6.52   4.32  66.258   0.00   0.366   4.32	 7
  7.00	17.00  580.196	10.00  27.00  40.00   5.70   5.00   3.00   0.70   0.59	 0.00	2.10   1.30   0.13   6.39   4.29  67.136   0.00   0.275   4.29	10
  7.00	18.00  580.165	 8.00  30.00  40.00   5.90   5.10   3.40   0.80   0.75	 0.00	2.00   1.20   0.14   6.95   4.95  71.223   0.00  -0.127   4.95	 8
  7.00	19.00  580.149	 9.00  30.00  38.00   5.70   5.00   3.40   0.70   0.51	 0.00	2.00   1.20   0.13   6.61   4.61  69.743   0.00   0.025   4.61	 9
  7.00	20.00  580.184	 9.00  28.00  39.00   6.00   5.20   3.50   0.90   1.00	 0.00	2.00   1.30   0.13   7.40   5.40  72.973   0.00  -0.330   5.40	10
  7.00	21.00  580.170	 9.00  27.00  41.00   5.90   5.10   3.40   0.80   0.57	 0.00	2.00   1.30   0.11   6.77   4.77  70.458   0.00  -0.047   4.77	11
  7.00	22.00  580.159	 9.00  27.00  40.00   5.70   5.00   3.10   0.70   0.50	 0.00	2.20   1.10   0.12   6.50   4.30  66.154   0.00   0.375   4.30	 9
  7.00	23.00  580.119	 9.00  28.00  41.00   5.60   4.90   3.20   0.70   0.46	 0.00	2.10   1.20   0.12   6.46   4.36  67.492   0.00   0.243   4.36	10
  7.00	24.00  580.115	 9.00  29.00  39.00   5.60   4.80   2.90   0.70   0.49	 0.00	2.40   1.20   0.11   6.49   4.09  63.020   0.00   0.680   4.09	10
  7.00	25.00  580.151	 9.00  29.00  37.00   5.60   4.80   3.00   0.70   0.52	 0.00	3.40   1.20   0.10   7.62   4.22  55.381   0.00   1.671   4.22	12
  8.00	 1.00  580.077	 8.00  27.00  45.00   5.50   4.80   2.40   0.70   0.24	 0.10	2.90   1.00   0.10   6.34   3.34  52.681   2.91   1.647   3.44	10
  8.00	 2.00  580.110	 8.00  25.00  47.00   5.40   4.70   2.40   0.60   0.20	 0.10	3.00   1.00   0.10   6.30   3.20  50.794   3.03   1.815   3.30	10
  8.00	 3.00  580.095	 8.00  26.00  47.00   5.40   4.70   2.30   0.60   0.27	 0.10	3.00   1.10   0.10   6.27   3.17  50.558   3.06   1.828   3.27	11
  8.00	 4.00  580.188	 8.00  24.00  49.00   5.40   4.80   2.30   0.60   0.25	 0.10	2.90   1.00   0.10   6.15   3.15  51.220   3.08   1.733   3.25	10
  8.00	 5.00  580.289	 9.00  25.00  46.00   5.50   4.70   2.50   0.70   0.24	 0.10	3.10   1.10   0.11   6.64   3.44  51.807   2.83   1.812   3.54	10
  8.00	 6.00  580.260	 8.00  27.00  43.00   5.50   4.80   3.00   0.70   0.18	 0.00	3.20   1.20   0.11   7.08   3.88  54.802   0.00   1.614   3.88	10
  8.00	 7.00  580.222	 9.00  27.00  41.00   5.70   4.90   3.30   0.80   0.31	 0.00	3.00   1.10   0.12   7.41   4.41  59.514   0.00   1.165   4.41	 9
  8.00	 8.00  580.184	 9.00  27.00  42.00   5.50   4.70   3.00   0.80   0.32	 0.00	3.50   1.10   0.12   7.62   4.12  54.068   0.00   1.821   4.12	 9
  8.00	 9.00  580.166	 9.00  29.00  41.00   5.40   4.50   2.60   0.70   0.31	 0.10	3.70   1.10   0.12   7.41   3.61  48.718   2.70   2.366   3.71	 9
  8.00	10.00  580.140	 8.00  28.00  43.00   5.20   4.50   2.50   0.60   0.24	 0.10	3.70   0.80   0.12   7.14   3.34  46.779   2.91   2.487   3.44	 6
  8.00	11.00  580.140	 8.00  27.00  44.00   5.30   4.60   2.70   0.70   0.28	 0.10	3.40   1.00   0.11   7.18   3.68  51.253   2.65   2.019   3.78	 9
  8.00	12.00  580.155	 9.00  28.00  42.00   5.40   4.70   2.80   0.60   0.24	 0.10	3.20   1.10   0.12   6.94   3.64  52.450   2.67   1.827   3.74	 9
  8.00	13.00  580.180	 9.00  28.00  42.00   5.40   4.70   2.80   0.60   0.27	 0.10	3.20   1.00   0.11   6.97   3.67  52.654   2.65   1.814   3.77	 9
  8.00	14.00  580.246	 9.00  25.00  44.00   5.50   4.80   2.90   0.70   0.41	 0.00	3.30   1.10   0.12   7.31   4.01  54.856   0.00   1.660   4.01	 9
  8.00	15.00  580.212	 9.00  27.00  42.00   5.60   4.80   2.90   0.70   0.46	 0.00	3.40   1.10   0.12   7.46   4.06  54.424   0.00   1.743   4.06	 9
  8.00	16.00  580.197	 9.00  27.00  42.00   5.50   4.80   3.00   0.70   0.45	 0.00	3.40   1.10   0.12   7.55   4.15  54.967   0.00   1.702   4.15	 9
  8.00	17.00  580.172	 9.00  27.00  41.00   5.60   4.80   3.10   0.70   0.52	 0.00	3.40   1.20   0.13   7.72   4.32  55.959   0.00   1.626   4.32	 9
  8.00	18.00  580.131	 9.00  27.00  41.00   5.50   4.70   2.90   0.80   0.55	 0.00	3.30   1.20   0.12   7.55   4.25  56.291   0.00   1.552   4.25	10
  8.00	19.00  580.112	 9.00  28.00  40.00   5.60   4.80   3.10   0.70   0.52	 0.00	3.30   1.20   0.11   7.62   4.32  56.693   0.00   1.521   4.32	10
  8.00	20.00  580.113	 9.00  26.00  42.00   5.80   4.80   3.30   0.70   0.54	 0.00	3.20   1.20   0.12   7.74   4.54  58.656   0.00   1.317   4.54	10
  8.00	21.00  580.118	 9.00  27.00  41.00   5.60   4.90   3.20   0.70   0.47	 0.00	3.20   1.10   0.11   7.57   4.37  57.728   0.00   1.394   4.37	10
  8.00	22.00  580.129	 9.00  27.00  40.00   5.70   4.90   3.20   0.70   0.48	 0.00	3.10   1.20   0.12   7.48   4.38  58.556   0.00   1.284   4.38	10
  8.00	23.00  580.118	 9.00  27.00  41.00   5.70   4.80   3.00   0.70   0.43	 0.00	3.30   1.10   0.11   7.43   4.13  55.585   0.00   1.606   4.13	10
  8.00	24.00  580.113	10.00  27.00  40.00   5.70   4.90   3.20   0.70   0.49	 0.00	3.30   1.10   0.12   7.69   4.39  57.087   0.00   1.489   4.39	 9
  8.00	25.00  580.076	10.00  28.00  38.00   5.50   4.70   2.90   0.70   0.45	 0.00	3.50   1.20   0.12   7.55   4.05  53.642   0.00   1.852   4.05	10
  9.00	 1.00  580.096	 8.00  24.00  48.00   5.30   4.60   2.20   0.70   0.18	 0.10	3.30   1.00   0.11   6.48   3.08  47.531   3.15   2.184   3.18	 9
  9.00	 2.00  580.150	 8.00  24.00  49.00   5.40   4.60   2.20   0.70   0.20	 0.10	3.10   1.00   0.11   6.30   3.10  49.206   3.13   1.965   3.20	 9
  9.00	 3.00  580.190	 8.00  22.00  51.00   5.40   4.80   2.40   0.70   0.28	 0.10	3.00   0.90   0.11   6.48   3.38  52.160   2.87   1.734   3.48	 8
  9.00	 4.00  580.295	 7.00  25.00  49.00   5.80   5.00   2.70   0.80   0.32	 0.10	2.60   1.00   0.10   6.52   3.82  58.589   2.55   1.116   3.92	10
  9.00	 5.00  580.315	 8.00  24.00  49.00   5.90   5.10   2.90   0.90   0.40	 0.00	2.50   1.00   0.10   6.70   4.20  62.687   0.00   0.735   4.20	10
  9.00	 6.00  580.305	 8.00  25.00  47.00   5.80   5.10   3.10   0.90   0.22	 0.00	2.70   1.00   0.11   6.92   4.22  60.983   0.00   0.936   4.22	 9
  9.00	 7.00  580.231	 9.00  27.00  43.00   5.90   5.20   3.10   0.90   0.48	 0.00	2.70   1.20   0.13   7.18   4.48  62.396   0.00   0.819   4.48	 9
  9.00	 8.00  580.250	 9.00  28.00  41.00   5.70   4.90   3.40   0.80   0.41	 0.00	3.30   1.20   0.13   7.91   4.61  58.281   0.00   1.390   4.61	 9
  9.00	 9.00  580.202	 9.00  28.00  41.00   5.70   4.80   2.80   0.80   0.51	 0.00	3.30   1.20   0.13   7.41   4.11  55.466   0.00   1.616   4.11	 9
  9.00	10.00  580.171	 8.00  27.00  44.00   5.40   4.50   2.50   0.60   0.35	 0.10	3.50   1.10   0.11   7.05   3.45  48.936   2.82   2.228   3.55	10
  9.00	11.00  580.178	 8.00  27.00  43.00   5.50   4.70   2.80   0.70   0.38	 0.10	3.50   1.30   0.13   7.48   3.88  51.872   2.51   2.034   3.98	10
  9.00	12.00  580.205	 9.00  27.00  42.00   5.40   4.60   2.80   0.70   0.32	 0.10	3.60   1.20   0.13   7.52   3.82  50.798   2.55   2.166   3.92	 9
  9.00	13.00  580.226	 9.00  28.00  40.00   5.40   4.60   2.70   0.70   0.42	 0.10	3.60   1.10   0.13   7.52   3.82  50.798   2.55   2.166   3.92	 8
  9.00	14.00  580.228	 9.00  30.00  37.00   5.40   4.70   2.70   0.60   0.49	 0.10	3.60   1.30   0.13   7.49   3.79  50.601   2.57   2.180   3.89	10
  9.00	15.00  580.170	 9.00  27.00  42.00   5.50   4.60   2.70   0.60   0.45	 0.10	3.70   1.20   0.13   7.55   3.75  49.669   2.60   2.303   3.85	 9
  9.00	16.00  580.180	 9.00  27.00  41.00   5.60   4.60   2.70   0.60   0.53	 0.10	3.70   1.30   0.13   7.63   3.83  50.197   2.55   2.267   3.93	10
  9.00	17.00  580.175	 9.00  27.00  41.00   5.60   4.70   3.10   0.70   0.53	 0.00	3.70   1.40   0.13   8.03   4.33  53.923   0.00   1.937   4.33	10
  9.00	18.00  580.158	 9.00  28.00  39.00   5.60   4.70   3.20   0.70   0.53	 0.00	3.80   1.40   0.13   8.23   4.43  53.827   0.00   1.996   4.43	10
  9.00	19.00  580.128	10.00  28.00  38.00   5.60   4.80   3.10   0.70   0.43	 0.00	3.60   1.40   0.11   7.83   4.23  54.023   0.00   1.877   4.23	12
  9.00	20.00  580.328	10.00  27.00  39.00   5.60   4.70   3.00   0.70   0.43	 0.00	3.80   1.40   0.13   7.93   4.13  52.081   0.00   2.131   4.13	10
  9.00	21.00  580.125	10.00  27.00  39.00   5.50   4.70   3.00   0.60   0.48	 0.00	3.70   1.40   0.11   7.78   4.08  52.442   0.00   2.049   4.08	12
  9.00	22.00  580.150	10.00  28.00  36.00   5.60   4.80   3.10   0.70   0.58	 0.00	3.60   1.40   0.13   7.98   4.38  54.887   0.00   1.809   4.38	10
  9.00	23.00  580.158	10.00  28.00  36.00   5.60   4.80   3.40   0.70   0.52	 0.00	3.40   1.30   0.13   8.02   4.62  57.606   0.00   1.491   4.62	10
  9.00	24.00  580.169	10.00  28.00  36.00   5.60   4.80   3.20   0.70   0.52	 0.00	3.40   1.40   0.13   7.82   4.42  56.522   0.00   1.581   4.42	10
  9.00	25.00  580.098	10.00  26.00  37.00   5.60   4.80   3.20   0.60   0.45	 0.00	3.40   1.30   0.16   7.65   4.25  55.556   0.00   1.658   4.25	 8
 10.00	 1.00  580.102	 7.00  24.00  49.00   5.50   4.80   2.50   0.70   0.28	 0.00	3.00   1.10   0.11   6.48   3.48  53.704   0.00   1.584   3.48	10
 10.00	 2.00  580.160	 7.00  23.00  50.00   5.70   5.00   2.70   0.90   0.59	 0.00	2.80   1.20   0.12   6.99   4.19  59.943   0.00   1.054   4.19	10
 10.00	 3.00  580.249	 7.00  23.00  51.00   5.80   5.10   2.80   0.80   0.52	 0.00	2.40   1.00   0.12   6.52   4.12  63.190   0.00   0.666   4.12	 8
 10.00	 4.00  580.318	 7.00  25.00  49.00   5.80   4.90   2.70   0.80   0.52	 0.00	2.80   1.10   0.11   6.82   4.02  58.944   0.00   1.131   4.02	10
 10.00	 5.00  580.350	 8.00  24.00  47.00   5.70   4.90   3.10   0.80   0.37	 0.00	2.70   1.20   0.16   6.97   4.27  61.263   0.00   0.913   4.27	 7
 10.00	 6.00  580.340	 9.00  26.00  44.00   5.70   4.90   2.90   0.80   0.26	 0.00	3.00   1.10   0.13   6.96   3.96  56.897   0.00   1.368   3.96	 8
 10.00	 7.00  580.310	 8.00  27.00  43.00   5.70   4.90   3.20   0.80   0.35	 0.00	3.00   1.30   0.16   7.35   4.35  59.184   0.00   1.193   4.35	 8
 10.00	 8.00  580.279	10.00  27.00  39.00   5.70   4.90   3.60   0.80   0.52	 0.00	3.10   1.30   0.16   8.02   4.92  61.347   0.00   1.041   4.92	 8
 10.00	 9.00  580.218	10.00  26.00  40.00   5.40   4.70   3.00   0.70   0.46	 0.10	3.50   1.40   0.14   7.76   4.16  53.608   2.35   1.908   4.26	10
 10.00	10.00  580.061	 9.00  27.00  42.00   5.50   4.50   2.80   0.60   0.41	 0.10	3.90   1.30   0.15   7.81   3.81  48.784   2.56   2.486   3.91	 8
 10.00	11.00  580.231	 9.00  28.00  40.00   5.40   4.60   3.00   0.60   0.34	 0.10	3.90   1.30   0.14   7.94   3.94  49.622   2.48   2.427   4.04	 9
 10.00	12.00  580.231	10.00  27.00  39.00   5.40   4.60   2.70   0.60   0.40	 0.10	3.90   1.30   0.14   7.70   3.70  48.052   2.63   2.535   3.80	 9
 10.00	13.00  580.230	10.00  27.00  39.00   5.40   4.50   2.70   0.70   0.39	 0.10	4.00   1.40   0.14   7.89   3.79  48.035   2.57   2.600   3.89	10
 10.00	14.00  580.205	10.00  28.00  38.00   5.40   4.50   2.70   0.70   0.43	 0.10	3.80   1.30   0.14   7.73   3.83  49.547   2.55   2.371   3.93	 9
 10.00	15.00  580.169	10.00  26.00  41.00   5.50   4.50   2.70   0.60   0.45	 0.10	3.90   1.20   0.15   7.75   3.75  48.387   2.60   2.512   3.85	 8
 10.00	16.00  580.165	10.00  27.00  39.00   5.40   4.60   2.70   0.60   0.43	 0.10	3.90   1.30   0.15   7.73   3.73  48.254   2.61   2.521   3.83	 8
 10.00	17.00  580.176	10.00  28.00  37.00   5.40   4.60   2.80   0.60   0.44	 0.10	3.90   1.30   0.14   7.84   3.84  48.980   2.54   2.472   3.94	 9
 10.00	18.00  580.191	10.00  28.00  37.00   5.40   4.60   2.90   0.60   0.48	 0.10	3.90   1.40   0.16   7.98   3.98  49.875   2.45   2.409   4.08	 8
 10.00	19.00  580.165	10.00  27.00  37.00   5.50   4.70   3.00   0.70   0.55	 0.10	3.80   1.50   0.14   8.15   4.25  52.147   2.30   2.182   4.35	10
 10.00	20.00  580.138	10.00  28.00  37.00   5.60   4.70   3.10   0.70   0.54	 0.10	3.80   1.40   0.15   8.24   4.34  52.670   2.25   2.142   4.44	 9
 10.00	21.00  580.129	11.00  27.00  35.00   5.80   4.80   3.20   0.70   0.60	 0.00	3.90   1.30   0.15   8.40   4.50  53.571   0.00   2.070   4.50	 8
 10.00	22.00  580.131	11.00  28.00  36.00   5.80   4.90   3.40   0.70   0.52	 0.00	3.60   1.40   0.14   8.22   4.62  56.204   0.00   1.701   4.62	10
 10.00	23.00  580.120	11.00  26.00  38.00   5.90   5.10   3.80   0.70   0.58	 0.00	3.10   1.20   0.15   8.18   5.08  62.103   0.00   0.969   5.08	 8
 10.00	24.00  580.098	10.00  26.00  38.00   5.80   5.00   3.50   0.70   0.59	 0.00	4.10   1.30   0.13   8.89   4.79  53.881   0.00   2.150   4.79	10
 10.00	25.00  580.036	10.00  27.00  37.00   5.70   5.00   3.20   0.60   0.54	 0.00	3.50   1.40   0.14   7.84   4.34  55.357   0.00   1.722   4.34	10
